-4.5
-2.2100000399999997
-1.9300000700000002
-1.69000006
-1.4800000199999999
-1.1700000799999999
-0.9000001000000002
-0.66000009
-0.4500000499999999
0.32999997000000003
0.14000002999999994
-0.030000040000000006
-0.18000002000000004
-0.3099999
-0.42000002999999997
-0.5199999299999998
-0.6000001000000001
-0.6800000199999998
-0.7499999500000001
-0.8099999
-0.86000009
-0.9000000499999998
-0.9400000100000001
-0.9699999800000001
-0.9999999500000001
-1.02999992
-1.0499998999999998
-1.0699998899999998
-1.0900001
-1.1000001000000001
-1.11000009
-1.1200000799999998
-1.1300000700000001
-1.14000006
-1.1500000499999998
-1.1600000400000001
-1.17000003
-0.8300001100000001
-0.6300000700000001
-0.44999999999999996
0.61999998
0.51999996
0.44000003
0.36999998
0.3000000500000002
0.23999999000000005
0.19000003
0.14999995
0.10999999000000016
0.08000002000000017
0.050000050000000185
0.01999996000000004
-1.999999987845058e-08
-0.020000000000000018
-0.039999989999999874
-0.1799999699999999
-0.9199999299999999
-1.15999994
-1.3699999800000002
-1.5600000400000003
-1.71999989
-1.85999999
-1.85999999
-1.85999999
-1.85999999
-1.85999999
-1.85999999
-1.85999999
-1.85999999
-1.85999999
-1.85999999
-1.85999999
-1.85999999
-1.85999999
-1.0099999899999998
-1.0099999899999998
-2.6300000399999997
-2.9299999999999997
-3.2000001
-3.43000011
0.38999998999999996
0.47000003
0.6600000399999999
0.44999999999999996
0.31000001
0.14000005999999998
0.07999999999999985
-0.05999998999999989
-0.06999998000000018
-0.1900001
-0.18000011000000016
-0.2900000100000002
-0.2500000499999999
-0.34999995000000017
-0.4400001
-0.5200000300000001
-0.2900000100000002
-0.2500000499999999
-0.22000007999999993
-0.3199999800000002
-0.27000003000000006
-0.36999992999999987
-0.45000010000000024
-0.5300000199999999
-0.30000000000000004
-0.2500000499999999
-0.22000007999999993
-0.3199999800000002
-0.27000003000000006
-0.24000006000000007
-0.21000009000000008
-0.1900001
-0.18000011000000016
-0.2900000100000002
-0.38999991
-0.47000007999999993
-0.38999991
-0.47000007999999993
-0.2500000499999999
-0.34999995000000017
0.030000040000000006
-0.09999995000000017
-0.09999995000000017
-0.22000007999999993
-0.1900001
-0.30000000000000004
-0.13999991
-5.000000014021566e-08
0.1199999599999999
0.21999997999999987
0.31000001
0.39000006
0.45999999
0.5200000499999999
0.5700000000000001
0.6199999599999999
0.6600000399999999
0.7
0.7299999699999999
0.7599999399999999
0.78000004
0.8000000199999999
0.8200000000000001
0.8399999899999999
0.84999998
0.8599999700000001
0.8699999599999999
0.87999995
0.89000006
0.90000005
0.9100000399999999
0.9100000399999999
0.9100000399999999
0.9100000399999999
0.9100000399999999
0.9100000399999999
0.9100000399999999
0.9100000399999999
0.9100000399999999
0.9100000399999999
-5.9899999600000005
-5.9899999600000005
0.81000004
0.81000004
1.17999995
1.19000006
1.21000004
0.76000004
0.7400000299999998
0.6900000099999999
0.59999998
0.5200000499999999
0.44999999999999996
0.6999999499999998
0.7200000499999999
0.7400000299999998
0.76000001
0.7799999999999998
0.7999999799999999
0.80999997
0.8199999599999999
0.8299999499999999
0.8400000599999999
0.8000000500000002
0.81000004
0.9100000399999999
0.9100000399999999
0.9100000399999999
0.9100000399999999
0.9100000399999999
0.9100000399999999
0.9600000399999999
0.9600000399999999
0.9600000399999999
0.9600000399999999
0.76000004
0.76000004
0.76000004
0.76000004
0.76000004
0.76000004
0.76000004
0.76000004
0.76000004
0.76000004
0.76000004
0.76000004
0.76000004
0.76000004
0.76000004
0.76000004
0.76000004
0.76000004
0.76000004
0.76000004
0.81000004
0.81000004
0.81000004
0.81000004
0.81000004
0.81000004
0.76000004
0.76000004
0.76000004
0.76000004
0.76000004
0.76000004
0.76000004
0.76000004
0.76000004
0.76000004
0.76000004
0.76000004
0.76000004
0.76000004
0.76000004
0.76000004
0.76000004
0.76000004
0.76000004
0.76000004
0.76000004
0.76000004
0.76000004
0.76000004
0.76000004
0.76000004
0.76000004
0.76000004
0.76000004
0.76000004
0.76000004
0.76000004
0.76000004
0.76000004
0.76000004
0.76000004
0.76000004
0.76000004
0.7100000399999999
0.7100000399999999
0.7100000399999999
0.7100000399999999
0.9100000399999999
0.7900000299999999
0.81000004
0.81000004
0.81000004
0.81000004
0.7100000399999999
0.7100000399999999
0.7100000399999999
0.7100000399999999
0.7100000399999999
0.7100000399999999
0.7100000399999999
0.7100000399999999
0.7100000399999999
0.7100000399999999
0.7100000399999999
0.7100000399999999
0.7100000399999999
0.7100000399999999
0.7100000399999999
0.7100000399999999
0.7100000399999999
0.8600000399999999
0.8600000399999999
0.8600000399999999
0.8600000399999999
0.8600000399999999
0.8600000399999999
0.5900000299999999
0.5
0.52999997
0.55999994
0.58000004
0.60000002
0.63999999
0.6599999700000001
0.67999995
0.69000006
0.7000000500000001
0.7100000399999999
0.7100000399999999
0.7100000399999999
0.7100000399999999
0.7100000399999999
0.7100000399999999
0.7100000399999999
0.7100000399999999
0.7100000399999999
0.7100000399999999
0.7100000399999999
0.7100000399999999
0.7100000399999999
0.7100000399999999
0.8600000399999999
0.8600000399999999
0.8600000399999999
0.8600000399999999
0.8600000399999999
0.8600000399999999
0.8600000399999999
0.8600000399999999
0.8600000399999999
0.8600000399999999
0.8600000399999999
0.8600000399999999
0.8600000399999999
0.8600000399999999
0.8600000399999999
0.8600000399999999
0.8600000399999999
0.8600000399999999
0.8600000399999999
0.8600000399999999
0.8600000399999999
0.8600000399999999
0.8600000399999999
0.8600000399999999
0.8600000399999999
0.8600000399999999
0.8600000399999999
0.8600000399999999
0.81000004
0.6400000299999999
0.7400000299999998
0.76000004
0.76000004
0.76000004
0.76000004
0.76000004
0.76000004
0.76000004
0.76000004
0.76000004
0.7100000399999999
0.7100000399999999
0.7100000399999999
0.7100000399999999
0.7100000399999999
0.7100000399999999
0.7100000399999999
0.7100000399999999
0.7100000399999999
0.7100000399999999
0.7100000399999999
0.7100000399999999
0.76000004
0.7100000399999999
0.76000004
0.76000004
0.76000004
0.76000004
0.76000004
0.76000004
0.76000004
0.76000004
0.76000004
0.76000004
0.76000004
0.76000004
1.21000004
0.76000004
0.76000004
0.76000004
0.76000004
0.76000004
0.76000004
0.76000004
0.76000004
0.76000004
0.76000004
0.76000004
0.9600000399999999
0.9600000399999999
0.9600000399999999
0.9600000399999999
0.8400000299999999
1.21000004
1.21000004
1.21000004
1.21000004
1.21000004
1.21000004
1.21000004
0.86000001
0.8799999999999999
-4.46999998
-4.4300000200000005
-6.27000005
-6.22999997
-6.2
-6.170000030000001
-6.14000006
-6.11999996
-6.09999998
-6.08
0.76000004
0.76000004
0.76000004
0.76000004
0.76000004
0.76000004
0.76000004
0.76000004
0.76000004
0.76000004
0.76000004
0.9600000399999999
0.9600000399999999
0.9600000399999999
0.9600000399999999
0.9600000399999999
0.9600000399999999
0.9600000399999999
0.76000004
0.9600000399999999
0.9600000399999999
0.76000004
0.76000004
0.76000004
0.76000004
-3.9899999600000005
-3.9899999600000005
-3.9899999600000005
-3.9899999600000005
-3.9899999600000005
-3.9899999600000005
-3.9899999600000005
-3.9899999600000005
-3.9899999600000005
-3.9899999600000005
-3.9899999600000005
-3.9899999600000005
-3.9899999600000005
-3.9899999600000005
-3.9899999600000005
-3.9899999600000005
-3.9899999600000005
-3.9899999600000005
-3.9899999600000005
-3.9899999600000005
-3.9899999600000005
-3.9899999600000005
-3.9899999600000005
-3.9899999600000005
-3.9899999600000005
0.9100000399999999
0.9100000399999999
0.9100000399999999
0.81000004
0.76000004
0.9600000399999999
0.9600000399999999
0.9600000399999999
0.9600000399999999
0.63000002
0.65999999
0.68999996
0.7100000399999999
0.9600000399999999
0.7200000499999999
0.7400000299999998
0.76000001
0.9600000399999999
0.9600000399999999
0.7799999999999998
0.7899999899999999
0.7999999799999999
0.80999997
0.8199999599999999
0.9600000399999999
0.8299999499999999
0.8400000599999999
0.85000005
0.8600000399999999
0.8600000399999999
0.9600000399999999
0.9600000399999999
0.9600000399999999
0.56000001
0.6099999700000001
0.40000005000000005
0.21999997999999987
0.9600000399999999
0.9600000399999999
0.9600000399999999
0.8600000399999999
0.8600000399999999
0.8600000399999999
0.8600000399999999
0.9100000399999999
0.9100000399999999
0.9100000399999999
0.9100000399999999
0.7900000299999999
0.7299999699999999
0.62999995
0.5799999999999998
0.5399999600000001
0.42999995
0.55
0.6799999699999999
0.8600000399999999
0.8600000399999999
0.8600000399999999
0.7100000399999999
0.8600000399999999
0.8600000399999999
0.8600000399999999
0.9100000399999999
0.9100000399999999
0.9100000399999999
0.9100000399999999
0.9100000399999999
0.9100000399999999
0.9100000399999999
0.9100000399999999
0.9100000399999999
-3.13999996
0.8600000399999999
0.8600000399999999
0.8600000399999999
0.8600000399999999
0.8600000399999999
0.8600000399999999
0.9600000399999999
0.9600000399999999
0.7100000399999999
0.7100000399999999
0.8600000399999999
0.8600000399999999
0.8400000299999999
-0.5000001000000003
-0.58000002
-0.6499999500000002
-0.7099999000000001
-0.7600000900000001
0.9600000399999999
0.9600000399999999
0.9100000399999999
0.9100000399999999
0.9100000399999999
0.9100000399999999
0.9100000399999999
0.9100000399999999
0.9100000399999999
0.9100000399999999
0.9100000399999999
0.9100000399999999
0.9100000399999999
0.9100000399999999
0.9100000399999999
0.9100000399999999
0.9100000399999999
0.9100000399999999
0.9100000399999999
0.9100000399999999
0.9100000399999999
0.9100000399999999
0.9100000399999999
0.9100000399999999
0.9100000399999999
0.9100000399999999
0.9100000399999999
0.9100000399999999
0.9100000399999999
0.9100000399999999
0.9100000399999999
0.9100000399999999
0.9100000399999999
0.9100000399999999
0.76000004
0.76000004
0.76000004
0.76000004
0.9100000399999999
0.9100000399999999
0.9100000399999999
0.9100000399999999
0.9100000399999999
0.9100000399999999
0.81000004
-0.6300000199999998
0.80999994
0.7100000399999999
0.6200000000000001
0.5399999600000001
0.47000003
0.13999998999999996
-0.10999990000000004
0.029999969999999987
0.63999999
0.67999995
0.72000003
0.75
0.77999997
0.80999994
0.83000004
0.85000002
0.8700000000000001
0.88999999
0.89999998
0.9099999700000001
0.91999996
0.92999995
0.94000006
0.9500000500000001
0.9600000399999999
0.9600000399999999
0.9600000399999999
0.9600000399999999
0.9600000399999999
0.73
-0.2199999800000001
-0.4699999800000001
-0.6900000100000001
-0.8800000700000001
0.7799999500000001
0.7900000600000001
0.8000000500000002
0.81000004
0.81000004
0.81000004
0.81000004
0.81000004
0.81000004
0.81000004
0.81000004
0.8299999999999998
0.8399999899999999
0.8600000399999999
0.27000003000000006
0.20999997000000015
0.16000001000000008
0.8600000399999999
0.5200000499999999
-5.83999996
-5.83999996
-5.83999996
-5.83999996
-5.83999996
-5.83999996
-5.83999996
-5.83999996
-5.83999996
0.8600000399999999
0.8600000399999999
0.8600000399999999
0.8600000399999999
0.00999999000000007
-0.1299999999999999
0.5900000299999999
0.49000000999999993
0.39999998000000003
0.32000005
0.25
0.19000006000000003
0.1299999999999999
0.21000003999999994
0.27999997
0.3400000299999999
0.38999998999999996
0.42999995
0.47000003
0.5
0.52999997
0.55999994
0.58000004
0.6200000000000001
0.63999999
0.64999998
0.6599999700000001
0.66999996
0.67999995
0.69000006
0.7000000500000001
0.7100000399999999
0.7100000399999999
0.7100000399999999
0.7100000399999999
0.7100000399999999
0.7100000399999999
0.7100000399999999
0.7100000399999999
0.7100000399999999
0.7100000399999999
0.7100000399999999
0.7100000399999999
0.7100000399999999
0.7100000399999999
0.7100000399999999
0.7100000399999999
0.7100000399999999
0.7100000399999999
0.7100000399999999
0.7100000399999999
0.7100000399999999
0.7100000399999999
0.7100000399999999
0.7100000399999999
0.7100000399999999
0.7100000399999999
0.7100000399999999
0.7100000399999999
0.7100000399999999
-5.7399999600000005
-5.7399999600000005
-5.7399999600000005
-5.7399999600000005
-5.7399999600000005
-5.7399999600000005
0.7100000399999999
0.47000003
0.5099999900000001
0.4500000500000001
0.33000004000000005
0.57999997
0.60999994
0.6300000400000001
0.65000002
0.6700000000000002
0.68999999
0.6999999800000001
0.7099999700000001
0.71999996
0.7900000600000001
-6.14999995
0.69000003
0.59000001
0.4999999800000001
0.20000002000000006
-0.09000005999999994
-0.3500000499999998
-0.5800000700000001
-0.78000011
-0.94999995
-1.1000000499999998
-1.22999992
-1.3500000499999998
-1.44999995
-1.5400000999999999
-1.7399999099999999
-1.91999998
-1.5700000799999998
-1.2699998899999998
-1.0099999
-0.78000011
-0.5800000700000001
-0.3999999999999999
-0.23999990999999987
0.7100000399999999
0.7100000399999999
0.7100000399999999
0.7100000399999999
0.7100000399999999
0.5900000299999999
0.49000000999999993
0.2699999799999999
0.08000004000000005
0.03999996000000006
0.0
-0.029999969999999987
0.19000006000000003
0.46000003999999994
0.27999997
0.0900000299999999
0.049999949999999904
0.00999999000000007
-0.019999979999999917
-0.049999949999999904
-0.08000004000000005
-0.10000001999999997
-0.1200000000000001
-0.13999998999999996
-0.029999969999999987
0.07000004999999998
0.14999998000000003
0.56999998
0.34999994999999995
0.16000001000000008
-0.06000000999999999
-0.44999999999999996
-0.7899999099999999
-1.0900001
-1.14000006
-1.4000000499999998
-1.39000006
-1.3800000700000001
-1.61000009
-1.6800000199999998
-1.46999998
-1.44000001
-1.17000003
-1.17000003
-0.92000003
-0.7099999899999998
-0.5199999299999998
-0.35000010000000015
-0.2099999899999998
0.030000020000000127
0.20999997000000015
0.40000002
0.5300000200000001
0.5899999600000001
0.6400000299999999
0.6600000100000001
0.6799999999999999
0.68999999
0.6999999800000001
0.7099999700000001
0.7299999500000001
0.7400000600000001
0.7500000500000001
0.76000004
0.76000004
0.76000004
0.76000004
0.5900000299999999
0.6299999999999999
0.63999999
0.6599999700000001
-6.03999996
-6.03999996
-6.03999996
-6.03999996
-6.03999996
0.7400000299999998
0.76000001
0.7799999999999998
0.7899999899999999
0.80999997
0.8299999499999999
0.8400000599999999
-6.03999996
-6.03999996
-6.03999996
-6.03999996
-6.03999996
-6.03999996
0.4499999800000001
-6.03999996
-6.03999996
0.49000006000000007
0.5300000200000001
0.5599999900000001
0.5899999600000001
0.62000005
0.6400000299999999
0.6799999999999999
0.9600000399999999
0.6400000299999999
0.54000001
0.4499999800000001
0.37000005
0.30000000000000004
0.24000006000000007
0.17999999999999994
0.1300000400000001
0.0899999600000001
0.050000000000000044
0.020000030000000057
-0.00999993999999993
-0.030000040000000006
-0.05000001999999992
-0.07000000000000006
-0.08999998999999992
-0.09999997999999999
-0.10999997000000006
-0.1199999599999999
-0.12999994999999998
-0.14000005999999998
-0.15000005000000005
-0.1600000399999999
-0.17000002999999997
-0.17000002999999997
